image: map_pcd_001.pgm
resolution: 0.010000
origin: [-11.459361, -7.566630, 0.000000]
negate: 0
occupied_thresh: 0.65
free_thresh: 0.196

