image: map2025.pgm
resolution: 0.050000
#resolution: 0.003
#origin: [-51.224998, -51.224998, 0.000000]
origin: [0.0, 0.0, 0.0]
negate: 0
occupied_thresh: 0.65
free_thresh: 0.196

